#include "stdafx.h"

#include <Core\Compiler.h>

#include "Math\XMatrix44.h"
#include <Math\XMatrixAlgo.h>

X_USING_NAMESPACE;

using namespace core;

typedef ::testing::Types<float, double> MyTypes;
TYPED_TEST_CASE(Mat44, MyTypes);

template<typename T>
class Mat44 : public ::testing::Test
{
public:
};

TYPED_TEST(Mat44, Contruction)
{
    typedef Matrix44<TypeParam> MatT;
    typedef TypeParam T;

    // Matrix44();
    {
        MatT c0(1, 0, 0, 0, 0, 1, 0, 0, 0, 0, 1, 0, 0, 0, 0, 1);
        MatT m0;
        EXPECT_EQ(c0, m0);
    }
    // Matrix44( T s );
    {
        MatT c0(3, 3, 3, 3, 3, 3, 3, 3, 3, 3, 3, 3, 3, 3, 3, 3);
        MatT m0(3);
        EXPECT_EQ(c0, m0);
    }
    // Matrix44( const T *dt );
    {
        MatT c0(
            1, 2, 3, 4,
            5, 6, 7, 8,
            9, 10, 11, 12,
            13, 14, 15, 16);

        TypeParam data[16] = {
            (T)1, (T)2, (T)3, (T)4,
            (T)5, (T)6, (T)7, (T)8,
            (T)9, (T)10, (T)11, (T)12,
            (T)13, (T)14, (T)15, (T)16};
        MatT m0(data);

        EXPECT_EQ(c0, m0);
    }
    // Matrix44(T d0, T d1, T d2, T d3, T d4, T d5, T d6, T d7, T d8, T d9, T d10, T d11, T d12, T d13, T d14, T d15);
    {
        MatT c0;
        c0.m00 = 1;
        c0.m01 = 5;
        c0.m02 = 9;
        c0.m03 = 13;
        c0.m10 = 2;
        c0.m11 = 6;
        c0.m12 = 10;
        c0.m13 = 14;
        c0.m20 = 3;
        c0.m21 = 7;
        c0.m22 = 11;
        c0.m23 = 15;
        c0.m30 = 4;
        c0.m31 = 8;
        c0.m32 = 12;
        c0.m33 = 16;

        MatT m0(1, 2, 3, 4,
            5, 6, 7, 8,
            9, 10, 11, 12,
            13, 14, 15, 16);
        EXPECT_EQ(c0, m0);
    }
    // Matrix44( const Vec3<T> &vx, const Vec3<T> &vy, const Vec3<T> &vz );
    {
        MatT c0(1, 2, 3, 0,
            5, 6, 7, 0,
            9, 10, 11, 0,
            0, 0, 0, 1);

        MatT m0(Vec3<T>(1, 2, 3), Vec3<T>(5, 6, 7), Vec3<T>(9, 10, 11));

        EXPECT_EQ(c0, m0);
    }
    // Matrix44( const Vec4<T> &vx, const Vec4<T> &vy, const Vec4<T> &vz, const Vec4<T> &vw = Vec4<T>( 0, 0, 0, 1 ) );
    {
        MatT c0(1, 2, 3, 4,
            5, 6, 7, 8,
            9, 10, 11, 12,
            13, 14, 15, 16);

        MatT m0(Vec4<T>(1, 2, 3, 4),
            Vec4<T>(5, 6, 7, 8),
            Vec4<T>(9, 10, 11, 12),
            Vec4<T>(13, 14, 15, 16));

        EXPECT_EQ(c0, m0);
    }
    // Matrix44( const Matrix22<T>& src );
    {
        MatT c0(1, 2, 0, 0,
            3, 4, 0, 0,
            0, 0, 1, 0,
            0, 0, 0, 1);

        Matrix22<T> m0(1, 2, 3, 4);

        MatT m0EXPECT_EQ(m0);

        EXPECT_EQ(c0, m0EXPECT_EQ);
    }
    // Matrix44( const Matrix33<T>& src );
    {
        MatT c0(1, 2, 3, 0,
            4, 5, 6, 0,
            7, 8, 9, 0,
            0, 0, 0, 1);

        Matrix33<T> m0(
            1, 2, 3,
            4, 5, 6,
            7, 8, 9);

        MatT m0EXPECT_EQ(m0);

        EXPECT_EQ(c0, m0EXPECT_EQ);
    }
    // Matrix44( const Matrix44<T>& src );
    {
        MatT c0(1, 2, 3, 4,
            5, 6, 7, 8,
            9, 10, 11, 12,
            13, 14, 15, 16);

        MatT m0(c0);

        EXPECT_EQ(c0, m0);
    }
    // template< typename FromT > Matrix44( const Matrix44<FromT>& src );
    {
        Matrix44<double> dmat0(
            1, 2, 3, 4,
            5, 6, 7, 8,
            9, 10, 11, 12,
            13, 14, 15, 16);

        Matrix44<float> fmat0(
            1, 2, 3, 4,
            5, 6, 7, 8,
            9, 10, 11, 12,
            13, 14, 15, 16);

        Matrix44<double> dmat1(fmat0);
        Matrix44<float> fmat1(dmat0);

        EXPECT_EQ(dmat0, dmat1);
        EXPECT_EQ(fmat0, fmat1);
    }
}

// ---------------------------------------------------------

TYPED_TEST(Mat44, Operator)
{
    typedef Matrix44<TypeParam> MatT;
    typedef TypeParam T;

    // operator T*() { return (T*)m; }
    {
        MatT c0(2, 4, 6, 8,
            10, 12, 14, 16,
            18, 20, 22, 24,
            26, 28, 30, 32);
        MatT m0(1, 2, 3, 4,
            5, 6, 7, 8,
            9, 10, 11, 12,
            13, 14, 15, 16);
        T* data = m0;
        for (int i = 0; i < MatT::DIM_SQ; ++i) {
            data[i] *= 2;
        }
        EXPECT_EQ(c0, m0);
    }
    // operator const T*() const { return (const T*)m; }
    {
        T cdata[16] = {
            (T)1, (T)2, (T)3, (T)4,
            (T)5, (T)6, (T)7, (T)8,
            (T)9, (T)10, (T)11, (T)12,
            (T)13, (T)14, (T)15, (T)16};
        MatT m0(1, 2, 3, 4,
            5, 6, 7, 8,
            9, 10, 11, 12,
            13, 14, 15, 16);
        const T* data = m0;
        bool isOk = true;
        for (int i = 0; i < MatT::DIM_SQ; ++i) {
            T diff = fabs(data[i] - cdata[i]);
            if (diff >= math<T>::EPSILON) {
                isOk = false;
                break;
            }
        }
        EXPECT_TRUE(isOk);
    }
    // Matrix44<T>& operator=( const Matrix44<T>& rhs );
    {
        MatT c0(1, 2, 3, 4,
            5, 6, 7, 8,
            9, 10, 11, 12,
            13, 14, 15, 16);
        MatT m0 = c0;
        EXPECT_EQ(c0, m0);
    }
    // Matrix44<T>& operator=( T rhs );
    {
        MatT c0(3, 3, 3, 3,
            3, 3, 3, 3,
            3, 3, 3, 3,
            3, 3, 3, 3);
        MatT m0 = MatT(3);
        EXPECT_EQ(c0, m0);
    }
    // template< typename FromT > Matrix44<T>& operator=( const Matrix44<FromT>& rhs );
    {
        Matrix44<double> dmat0(
            1, 2, 3, 4,
            5, 6, 7, 8,
            9, 10, 11, 12,
            13, 14, 15, 16);
        Matrix44<float> fmat0(
            1, 2, 3, 4,
            5, 6, 7, 8,
            9, 10, 11, 12,
            13, 14, 15, 16);
        Matrix44<double> dmat1;
        Matrix44<float> fmat1;

        dmat1 = fmat0;
        fmat1 = dmat0;

        EXPECT_EQ(dmat0, dmat1);
        EXPECT_EQ(fmat0, fmat1);
    }
    // Matrix44<T>& operator=( const Matrix22<T>& rhs );
    {
        MatT c0(1, 2, 0, 0,
            3, 4, 0, 0,
            0, 0, 1, 0,
            0, 0, 0, 1);
        Matrix22<T> mat22(1, 2, 3, 4);
        MatT m0;
        m0 = mat22;
        EXPECT_EQ(c0, m0);
    }
    // Matrix44<T>& operator=( const Matrix33<T>& rhs );
    {
        MatT c0(1, 2, 3, 0,
            4, 5, 6, 0,
            7, 8, 9, 0,
            0, 0, 0, 1);
        Matrix33<T> mat33(
            1, 2, 3,
            4, 5, 6,
            7, 8, 9);
        MatT m0;
        m0 = mat33;
        EXPECT_EQ(c0, m0);
    }
    // bool equalCompare( const Matrix44<T>& rhs, T epsilon ) const;
    {
        T epsilon = (T)1.0e-04;
        MatT c0((T)1.0e-04, (T)1.0e-04, (T)1.0e-04, (T)1.0e-04,
            (T)1.0e-04, (T)1.0e-04, (T)1.0e-04, (T)1.0e-04,
            (T)1.0e-04, (T)1.0e-04, (T)1.0e-04, (T)1.0e-04,
            (T)1.0e-04, (T)1.0e-04, (T)1.0e-04, (T)1.0e-04);
        MatT m0((T)3.0e-04, (T)3.0e-04, (T)3.0e-04, (T)3.0e-04,
            (T)3.0e-04, (T)3.0e-04, (T)3.0e-04, (T)3.0e-04,
            (T)3.0e-04, (T)3.0e-04, (T)3.0e-04, (T)3.0e-04,
            (T)3.0e-04, (T)3.0e-04, (T)3.0e-04, (T)3.0e-04);
        MatT m1((T)1.5e-04, (T)1.5e-04, (T)1.5e-04, (T)1.5e-04,
            (T)1.5e-04, (T)1.5e-04, (T)1.5e-04, (T)1.5e-04,
            (T)1.5e-04, (T)1.5e-04, (T)1.5e-04, (T)1.5e-04,
            (T)1.5e-04, (T)1.5e-04, (T)1.5e-04, (T)1.5e-04);

        EXPECT_FALSE(c0.equalCompare(m0, epsilon));
        EXPECT_TRUE(c0.equalCompare(m1, epsilon));
    }
    // bool operator==( const Matrix44<T> &rhs );
    {
        MatT c0(1, 2, 3, 0,
            4, 5, 6, 0,
            7, 8, 9, 0,
            0, 0, 0, (T)1.234e-06);
        MatT m0(1, 2, 3, 0,
            4, 5, 6, 0,
            7, 8, 9, 0,
            0, 0, 0, (T)1.235e-06);
        EXPECT_EQ(c0, m0);
    }
    // bool operator!=( const Matrix44<T> &rhs );
    {
        MatT c0(1, 2, 3, 0,
            4, 5, 6, 0,
            7, 8, 9, 0,
            0, 0, 0, (T)1.234e-06);
        MatT m0(2, 2, 3, 0,
            4, 5, 6, 0,
            7, 8, 9, 0,
            0, 0, 0, (T)1.235e-06);
        EXPECT_NE(c0, m0);
    }
    // Matrix44<T>& operator*=( const Matrix44<T> &rhs );
    {
        MatT c0(
            46, 52, 58, 64,
            74, 84, 94, 104,
            130, 148, 166, 184,
            158, 180, 202, 224);

        MatT m0(
            1, 2, 3, 4,
            5, 6, 7, 8,
            9, 10, 11, 12,
            13, 14, 15, 16);

        MatT m1(
            1, 2, 1, 2,
            2, 3, 2, 3,
            4, 5, 4, 5,
            5, 6, 5, 6);

        m0 *= m1;
        EXPECT_EQ(c0, m0);

        /*
		int iter = 100000;
		// Multiply
		{
			MatT b;
			for (int i = 0; i < iter; ++i) {
				b += c0*(m0*(float)i);
			}
		}

		{
			X_ALIGN16_MATRIX44F(align_c0) = c0;
			X_ALIGN16_MATRIX44F(align_m0) = m0;
			X_ALIGN16_MATRIX44F(b);
			for (int i = 0; i < iter; ++i) {
				b += SseMultiply(align_c0, align_m0*(float)i);
			}
		}*/
    }
    // Matrix44<T>& operator+=( const Matrix44<T> &rhs );
    {
        MatT c0(2, 4, 6, 8,
            10, 12, 14, 16,
            18, 20, 22, 24,
            26, 28, 30, 32);
        MatT m0(1, 2, 3, 4,
            5, 6, 7, 8,
            9, 10, 11, 12,
            13, 14, 15, 16);
        MatT m1(1, 2, 3, 4,
            5, 6, 7, 8,
            9, 10, 11, 12,
            13, 14, 15, 16);
        m0 += m1;
        EXPECT_EQ(c0, m0);
    }
    // Matrix44<T>& operator-=( const Matrix44<T> &rhs );
    {
        MatT c0(0, 0, 0, 0,
            0, 0, 0, 0,
            0, 0, 0, 0,
            0, 0, 0, 0);
        MatT m0(1, 2, 3, 4,
            5, 6, 7, 8,
            9, 10, 11, 12,
            13, 14, 15, 16);
        MatT m1(1, 2, 3, 4,
            5, 6, 7, 8,
            9, 10, 11, 12,
            13, 14, 15, 16);
        m0 -= m1;
        EXPECT_EQ(c0, m0);
    }
    // Matrix44<T>& operator*=( T rhs );
    {
        MatT c0(2, 4, 6, 8,
            10, 12, 14, 16,
            18, 20, 22, 24,
            26, 28, 30, 32);
        MatT m0(1, 2, 3, 4,
            5, 6, 7, 8,
            9, 10, 11, 12,
            13, 14, 15, 16);
        m0 *= 2;
        EXPECT_EQ(c0, m0);
    }
    // Matrix44<T>& operator/=( T rhs );
    {
        MatT c0(1, 2, 3, 4,
            5, 6, 7, 8,
            9, 10, 11, 12,
            13, 14, 15, 16);
        MatT m0(2, 4, 6, 8,
            10, 12, 14, 16,
            18, 20, 22, 24,
            26, 28, 30, 32);
        m0 /= 2;
        EXPECT_EQ(c0, m0);
    }
    // Matrix44<T>& operator+=( T rhs );
    {
        MatT c0((T)1.025, (T)2.025, (T)3.025, (T)4.025,
            (T)5.025, (T)6.025, (T)7.025, (T)8.025,
            (T)9.025, (T)10.025, (T)11.025, (T)12.025,
            (T)13.025, (T)14.025, (T)15.025, (T)16.025);
        MatT m0(1, 2, 3, 4,
            5, 6, 7, 8,
            9, 10, 11, 12,
            13, 14, 15, 16);
        m0 += (T)0.025;
        EXPECT_EQ(c0, m0);
    }
    // Matrix44<T>& operator-=( T rhs );
    {
        MatT c0(1, 2, 3, 4,
            5, 6, 7, 8,
            9, 10, 11, 12,
            13, 14, 15, 16);
        MatT m0((T)1.025, (T)2.025, (T)3.025, (T)4.025,
            (T)5.025, (T)6.025, (T)7.025, (T)8.025,
            (T)9.025, (T)10.025, (T)11.025, (T)12.025,
            (T)13.025, (T)14.025, (T)15.025, (T)16.025);
        m0 -= (T)0.025;
        EXPECT_EQ(c0, m0);
    }
    // const Matrix44<T> operator*( const Matrix44<T> &rhs ) const;
    {
        MatT c0(
            46, 52, 58, 64,
            74, 84, 94, 104,
            130, 148, 166, 184,
            158, 180, 202, 224);
        MatT m0(
            1, 2, 3, 4,
            5, 6, 7, 8,
            9, 10, 11, 12,
            13, 14, 15, 16);
        MatT m1(
            1, 2, 1, 2,
            2, 3, 2, 3,
            4, 5, 4, 5,
            5, 6, 5, 6);
        EXPECT_EQ(c0, (m0 * m1));
    }
    // const Matrix44<T> operator+( const Matrix44<T> &rhs ) const;
    {
        MatT c0(2, 4, 6, 8,
            10, 12, 14, 16,
            18, 20, 22, 24,
            26, 28, 30, 32);
        MatT m0(1, 2, 3, 4,
            5, 6, 7, 8,
            9, 10, 11, 12,
            13, 14, 15, 16);
        MatT m1(1, 2, 3, 4,
            5, 6, 7, 8,
            9, 10, 11, 12,
            13, 14, 15, 16);
        EXPECT_EQ(c0, (m0 + m1));
    }
    // const Matrix44<T> operator-( const Matrix44<T> &rhs ) const;
    {
        MatT c0(0, 0, 0, 0,
            0, 0, 0, 0,
            0, 0, 0, 0,
            0, 0, 0, 0);
        MatT m0(1, 2, 3, 4,
            5, 6, 7, 8,
            9, 10, 11, 12,
            13, 14, 15, 16);
        MatT m1(1, 2, 3, 4,
            5, 6, 7, 8,
            9, 10, 11, 12,
            13, 14, 15, 16);
        EXPECT_EQ(c0, (m0 - m1));
    }
    // const Vec3<T> operator*( const Vec3<T> &rhs ) const;
    {
        Vec3<T> cv0(1, 2, 3);
        MatT c0(1, 0, 0, 0,
            0, 1, 0, 0,
            0, 0, 1, 0,
            0, 0, 0, 1);
        Vec3<T> diff = (cv0 - c0 * cv0);
        diff.x = fabs(diff.x);
        diff.y = fabs(diff.y);
        diff.z = fabs(diff.z);

        EXPECT_LE(diff.x, math<T>::EPSILON);
        EXPECT_LE(diff.y, math<T>::EPSILON);
        EXPECT_LE(diff.z, math<T>::EPSILON);
    }
    // const Vec4<T> operator*( const Vec4<T> &rhs ) const;
    {
        Vec4<T> cv0(1, 2, 3, 4);
        MatT c0(1, 0, 0, 0,
            0, 1, 0, 0,
            0, 0, 1, 0,
            0, 0, 0, 1);
        Vec4<T> diff = (cv0 - c0 * cv0);
        diff.x = fabs(diff.x);
        diff.y = fabs(diff.y);
        diff.z = fabs(diff.z);
        diff.z = fabs(diff.w);
        EXPECT_LE(diff.x, math<T>::EPSILON);
        EXPECT_LE(diff.y, math<T>::EPSILON);
        EXPECT_LE(diff.z, math<T>::EPSILON);
        EXPECT_LE(diff.w, math<T>::EPSILON);
    }
    // const Matrix44<T> operator*( T rhs ) const;
    {
        MatT c0(2, 4, 6, 8,
            10, 12, 14, 16,
            18, 20, 22, 24,
            26, 28, 30, 32);
        MatT m0(1, 2, 3, 4,
            5, 6, 7, 8,
            9, 10, 11, 12,
            13, 14, 15, 16);
        EXPECT_EQ(c0, (m0 * (T)2));
    }
    // const Matrix44<T> operator/( T rhs ) const;
    {
        MatT c0(1, 2, 3, 4,
            5, 6, 7, 8,
            9, 10, 11, 12,
            13, 14, 15, 16);
        MatT m0(2, 4, 6, 8,
            10, 12, 14, 16,
            18, 20, 22, 24,
            26, 28, 30, 32);
        EXPECT_EQ(c0, (m0 / (T)2));
    }
    // const Matrix44<T> operator+( T rhs ) const;
    {
        MatT c0((T)1.025, (T)2.025, (T)3.025, (T)4.025,
            (T)5.025, (T)6.025, (T)7.025, (T)8.025,
            (T)9.025, (T)10.025, (T)11.025, (T)12.025,
            (T)13.025, (T)14.025, (T)15.025, (T)16.025);
        MatT m0(1, 2, 3, 4,
            5, 6, 7, 8,
            9, 10, 11, 12,
            13, 14, 15, 16);
        EXPECT_EQ(c0, (m0 + (T)0.025));
    }
    // const Matrix44<T> operator-( T rhs ) const;
    {
        MatT c0(1, 2, 3, 4,
            5, 6, 7, 8,
            9, 10, 11, 12,
            13, 14, 15, 16);
        MatT m0((T)1.025, (T)2.025, (T)3.025, (T)4.025,
            (T)5.025, (T)6.025, (T)7.025, (T)8.025,
            (T)9.025, (T)10.025, (T)11.025, (T)12.025,
            (T)13.025, (T)14.025, (T)15.025, (T)16.025);
        EXPECT_EQ(c0, (m0 - (T)0.025));
    }
}

TYPED_TEST(Mat44, Util)
{
    typedef Matrix44<TypeParam> MatT;
    typedef TypeParam T;
    // T& at( int row, int col );
    {
        MatT c0(1, 2, 3, 4,
            5, 6, 7, 8,
            9, 10, 11, 12,
            13, 14, 15, 16);
        MatT m0;
        m0.at(0, 0) = 1;
        m0.at(1, 0) = 2;
        m0.at(2, 0) = 3;
        m0.at(3, 0) = 4;
        m0.at(0, 1) = 5;
        m0.at(1, 1) = 6;
        m0.at(2, 1) = 7;
        m0.at(3, 1) = 8;
        m0.at(0, 2) = 9;
        m0.at(1, 2) = 10;
        m0.at(2, 2) = 11;
        m0.at(3, 2) = 12;
        m0.at(0, 3) = 13;
        m0.at(1, 3) = 14;
        m0.at(2, 3) = 15;
        m0.at(3, 3) = 16;
        EXPECT_EQ(c0, m0);
    }
    // const T& at( int row, int col ) const;
    {
        MatT c0(1, 2, 3, 4,
            5, 6, 7, 8,
            9, 10, 11, 12,
            13, 14, 15, 16);
        MatT m0(1, 2, 3, 4,
            5, 6, 7, 8,
            9, 10, 11, 12,
            13, 14, 15, 16);
        bool isOk = true;
        for (int r = 0; r < 4; ++r) {
            for (int c = 0; c < 4; ++c) {
                if (c0.at(r, c) != m0.at(r, c)) {
                    isOk = false;
                    break;
                }
            }
        }
        EXPECT_TRUE(isOk);
    }
    // Vec4<T> getColumn( int col ) const;
    {
        MatT c0(1, 2, 3, 4,
            5, 6, 7, 8,
            9, 10, 11, 12,
            13, 14, 15, 16);
        EXPECT_EQ(c0.getColumn(0), Vec4<T>(1, 2, 3, 4));
        EXPECT_EQ(c0.getColumn(1), Vec4<T>(5, 6, 7, 8));
        EXPECT_EQ(c0.getColumn(2), Vec4<T>(9, 10, 11, 12));
        EXPECT_EQ(c0.getColumn(3), Vec4<T>(13, 14, 15, 16));
    }
    // void setColumn( int col, const Vec4<T> &v );
    {
        MatT c0(1, 2, 3, 4,
            5, 6, 7, 8,
            9, 10, 11, 12,
            13, 14, 15, 16);
        MatT m0;
        m0.setToIdentity();
        m0.setColumn(0, Vec4<T>(1, 2, 3, 4));
        m0.setColumn(1, Vec4<T>(5, 6, 7, 8));
        m0.setColumn(2, Vec4<T>(9, 10, 11, 12));
        m0.setColumn(3, Vec4<T>(13, 14, 15, 16));
        EXPECT_EQ(c0, m0);
    }
    // Vec4<T> getRow( int row ) const;
    {
        MatT c0(1, 2, 3, 4,
            5, 6, 7, 8,
            9, 10, 11, 12,
            13, 14, 15, 16);
        EXPECT_EQ(c0.getRow(0), Vec4<T>(1, 5, 9, 13));
        EXPECT_EQ(c0.getRow(1), Vec4<T>(2, 6, 10, 14));
        EXPECT_EQ(c0.getRow(2), Vec4<T>(3, 7, 11, 15));
        EXPECT_EQ(c0.getRow(3), Vec4<T>(4, 8, 12, 16));
    }
    // void setRow( int row, const Vec4<T> &v );
    {
        MatT c0(1, 2, 3, 4,
            5, 6, 7, 8,
            9, 10, 11, 12,
            13, 14, 15, 16);
        MatT m0;
        m0.setToIdentity();
        m0.setRow(0, Vec4<T>(1, 5, 9, 13));
        m0.setRow(1, Vec4<T>(2, 6, 10, 14));
        m0.setRow(2, Vec4<T>(3, 7, 11, 15));
        m0.setRow(3, Vec4<T>(4, 8, 12, 16));
        EXPECT_EQ(c0, m0);
    }
    // void getColumns( Vec4<T> *c0, Vec4<T> *c1, Vec4<T> *c2, Vec4<T> *c3 ) const;
    {
        MatT c0(1, 2, 3, 4,
            5, 6, 7, 8,
            9, 10, 11, 12,
            13, 14, 15, 16);
        Vec4<T> v0, v1, v2, v3;
        c0.getColumns(&v0, &v1, &v2, &v3);
        EXPECT_EQ(v0, Vec4<T>(1, 2, 3, 4));
        EXPECT_EQ(v1, Vec4<T>(5, 6, 7, 8));
        EXPECT_EQ(v2, Vec4<T>(9, 10, 11, 12));
        EXPECT_EQ(v3, Vec4<T>(13, 14, 15, 16));
    }
    // void setColumns( const Vec4<T> &c0, const Vec4<T> &c1, const Vec4<T> &c2, const Vec4<T> &c3 );
    {
        MatT c0(1, 2, 3, 4,
            5, 6, 7, 8,
            9, 10, 11, 12,
            13, 14, 15, 16);
        MatT m0;
        m0.setToIdentity();
        Vec4<T> v0(1, 2, 3, 4);
        Vec4<T> v1(5, 6, 7, 8);
        Vec4<T> v2(9, 10, 11, 12);
        Vec4<T> v3(13, 14, 15, 16);
        m0.setColumns(v0, v1, v2, v3);
        EXPECT_EQ(c0, m0);
    }
    // void getRows( Vec4<T> *r0, Vec4<T> *r1, Vec4<T> *r2, Vec4<T> *r3 ) const;
    {
        MatT c0(1, 2, 3, 4,
            5, 6, 7, 8,
            9, 10, 11, 12,
            13, 14, 15, 16);
        Vec4<T> v0, v1, v2, v3;
        c0.getRows(&v0, &v1, &v2, &v3);
        EXPECT_EQ(v0, Vec4<T>(1, 5, 9, 13));
        EXPECT_EQ(v1, Vec4<T>(2, 6, 10, 14));
        EXPECT_EQ(v2, Vec4<T>(3, 7, 11, 15));
        EXPECT_EQ(v3, Vec4<T>(4, 8, 12, 16));
    }
    // void setRows( const Vec4<T> &r0, const Vec4<T> &r1, const Vec4<T> &r2, const Vec4<T> &r3 );
    {
        MatT c0(1, 2, 3, 4,
            5, 6, 7, 8,
            9, 10, 11, 12,
            13, 14, 15, 16);
        MatT m0;
        m0.setToIdentity();
        Vec4<T> v0(1, 5, 9, 13);
        Vec4<T> v1(2, 6, 10, 14);
        Vec4<T> v2(3, 7, 11, 15);
        Vec4<T> v3(4, 8, 12, 16);
        m0.setRows(v0, v1, v2, v3);
        EXPECT_EQ(c0, m0);
    }
    // Matrix22<T> subMatrix22( int row, int col ) const;
    {
        MatT c0(1, 2, 3, 4,
            5, 6, 7, 8,
            9, 10, 11, 12,
            13, 14, 15, 16, true);
        Matrix22<T> m22_00(1, 2,
            5, 6, true);
        Matrix22<T> m22_01(2, 3,
            6, 7, true);
        Matrix22<T> m22_02(3, 4,
            7, 8, true);
        Matrix22<T> m22_10(5, 6,
            9, 10, true);
        Matrix22<T> m22_11(6, 7,
            10, 11, true);
        Matrix22<T> m22_12(7, 8,
            11, 12, true);
        Matrix22<T> m22_20(9, 10,
            13, 14, true);
        Matrix22<T> m22_21(10, 11,
            14, 15, true);
        Matrix22<T> m22_22(11, 12,
            15, 16, true);
        EXPECT_EQ(m22_00, c0.subMatrix22(0, 0));
        EXPECT_EQ(m22_01, c0.subMatrix22(0, 1));
        EXPECT_EQ(m22_02, c0.subMatrix22(0, 2));
        EXPECT_EQ(m22_10, c0.subMatrix22(1, 0));
        EXPECT_EQ(m22_11, c0.subMatrix22(1, 1));
        EXPECT_EQ(m22_12, c0.subMatrix22(1, 2));
        EXPECT_EQ(m22_20, c0.subMatrix22(2, 0));
        EXPECT_EQ(m22_21, c0.subMatrix22(2, 1));
        EXPECT_EQ(m22_22, c0.subMatrix22(2, 2));
    }
    // Matrix33<T> subMatrix33( int row, int col ) const;
    {
        MatT c0(1, 2, 3, 4,
            5, 6, 7, 8,
            9, 10, 11, 12,
            13, 14, 15, 16, true);
        Matrix33<T> m33_00(1, 2, 3,
            5, 6, 7,
            9, 10, 11, true);
        Matrix33<T> m33_01(2, 3, 4,
            6, 7, 8,
            10, 11, 12, true);
        Matrix33<T> m33_10(5, 6, 7,
            9, 10, 11,
            13, 14, 15, true);
        Matrix33<T> m33_11(6, 7, 8,
            10, 11, 12,
            14, 15, 16, true);
        EXPECT_EQ(m33_00, c0.subMatrix33(0, 0));
        EXPECT_EQ(m33_01, c0.subMatrix33(0, 1));
        EXPECT_EQ(m33_10, c0.subMatrix33(1, 0));
        EXPECT_EQ(m33_11, c0.subMatrix33(1, 1));
    }
    // void setToNull();
    {
        MatT c0(0, 0, 0, 0,
            0, 0, 0, 0,
            0, 0, 0, 0,
            0, 0, 0, 0);
        MatT m0;
        m0.setToNull();
        EXPECT_EQ(c0, m0);
    }
    // void setToIdentity();
    {
        MatT c0(1, 0, 0, 0,
            0, 1, 0, 0,
            0, 0, 1, 0,
            0, 0, 0, 1);
        MatT m0;
        m0.setToIdentity();
        EXPECT_EQ(c0, m0);
    }
    // T determinant() const;
    {
        MatT m0(
            (T)0.009505, (T)0.848196, (T)-0.529596, (T)-10.070000,
            (T)-0.999570, (T)0.022748, (T)0.018494, (T)-3.980000,
            (T)0.027734, (T)0.529193, (T)0.848048, (T)15.230000,
            (T)1.002352, (T)0.875840, (T)0.133293, (T)1.200000);
        T det = m0.determinant();
        T diff = fabs((T)-5.036502 - det);
        EXPECT_LE(diff, math<T>::EPSILON);
    }
    // T trace() const;
    {
        MatT m0(
            (T)0.009505, (T)0.848196, (T)-0.529596, (T)-10.070000,
            (T)-0.999570, (T)0.022748, (T)0.018494, (T)-3.980000,
            (T)0.027734, (T)0.529193, (T)0.848048, (T)15.230000,
            (T)1.002352, (T)0.875840, (T)0.133293, (T)1.200000);
        T cs0 = (T)0.009505 + (T)0.022748 + (T)0.848048;
        T cs1 = (T)0.009505 + (T)0.022748 + (T)0.848048 + (T)1.200000;
        T trace0 = m0.trace();
        T trace1 = m0.trace(true);
        T v0 = (T)0.009505 + (T)0.022748 + (T)0.848048;
        T v1 = (T)0.009505 + (T)0.022748 + (T)0.848048 + (T)1.200000;
        T diff0 = fabs((T)v0 - trace0);
        T diff1 = fabs((T)v1 - trace1);
        EXPECT_LE(diff0, math<T>::EPSILON);
        EXPECT_LE(diff1, math<T>::EPSILON);
    }
    // Matrix44<T> diagonal() const;
    {
        MatT c0(1, 0, 0, 0,
            0, 6, 0, 0,
            0, 0, 11, 0,
            0, 0, 0, 16);
        MatT m0(1, 2, 3, 4,
            5, 6, 7, 8,
            9, 10, 11, 12,
            13, 14, 15, 16);
        EXPECT_EQ(c0, m0.diagonal());
    }
    // Matrix44<T> lowerTriangular() const;
    {
        MatT c0(1, 0, 0, 0,
            5, 6, 0, 0,
            9, 10, 11, 0,
            13, 14, 15, 16, true);
        MatT m0(1, 2, 3, 4,
            5, 6, 7, 8,
            9, 10, 11, 12,
            13, 14, 15, 16, true);
        EXPECT_EQ(c0, m0.lowerTriangular());
    }
    // Matrix44<T> upperTriangular() const;
    {
        MatT c0(1, 2, 3, 4,
            0, 6, 7, 8,
            0, 0, 11, 12,
            0, 0, 0, 16, true);
        MatT m0(1, 2, 3, 4,
            5, 6, 7, 8,
            9, 10, 11, 12,
            13, 14, 15, 16, true);
        EXPECT_EQ(c0, m0.upperTriangular());
    }
    // void transpose();
    {
        MatT c0(1, 5, 9, 13,
            2, 6, 10, 14,
            3, 7, 11, 15,
            4, 8, 12, 16);
        MatT m0(1, 2, 3, 4,
            5, 6, 7, 8,
            9, 10, 11, 12,
            13, 14, 15, 16);
        m0.transpose();

        EXPECT_EQ(c0, m0);
    }
    // Matrix44<T> transposed() const;
    {
        MatT c0(1, 5, 9, 13,
            2, 6, 10, 14,
            3, 7, 11, 15,
            4, 8, 12, 16);
        MatT m0(1, 2, 3, 4,
            5, 6, 7, 8,
            9, 10, 11, 12,
            13, 14, 15, 16);
        EXPECT_EQ(c0, m0.transposed());
    }
    // void invert (T epsilon = math<T>::EPSILON );
    {
        MatT c0(
            (T)-0.573283, (T)-0.162312, (T)-0.488816, (T)0.854753,
            (T)0.925667, (T)-0.088550, (T)0.597859, (T)-0.113624,
            (T)-2.990077, (T)3.553328, (T)-1.332781, (T)3.608696,
            (T)0.135376, (T)-0.194487, (T)0.119989, (T)-0.198550);
        MatT m0(
            (T)0.009505, (T)0.848196, (T)-0.529596, (T)-10.070000,
            (T)-0.999570, (T)0.022748, (T)0.018494, (T)-3.980000,
            (T)0.027734, (T)0.529193, (T)0.848048, (T)15.230000,
            (T)1.002352, (T)0.875840, (T)0.133293, (T)1.200000);
        m0.invert();
        EXPECT_EQ(c0, m0);
    }
    // Matrix44<T> inverted( T epsilon = math<T>::EPSILON ) const;
    {
        MatT c0(
            (T)-0.573283, (T)-0.162312, (T)-0.488816, (T)0.854753,
            (T)0.925667, (T)-0.088550, (T)0.597859, (T)-0.113624,
            (T)-2.990077, (T)3.553328, (T)-1.332781, (T)3.608696,
            (T)0.135376, (T)-0.194487, (T)0.119989, (T)-0.198550);
        MatT m0(
            (T)0.009505, (T)0.848196, (T)-0.529596, (T)-10.070000,
            (T)-0.999570, (T)0.022748, (T)0.018494, (T)-3.980000,
            (T)0.027734, (T)0.529193, (T)0.848048, (T)15.230000,
            (T)1.002352, (T)0.875840, (T)0.133293, (T)1.200000);
        bool single = (c0 == m0.inverted());
        bool multi = true;
        Vec3<T> da((T)0.015, (T)0.034, (T)-0.025);
        Vec3<T> eu(0, 0, 0);
        int iter = 100000;
        for (int i = 0; i < iter; ++i) {
            MatT m0 = MatT::createRotation(eu);
            MatT m1 = m0.inverted();
            MatT res0 = m0 * m1;
            MatT res1 = m1.inverted();
            if (!(MatT::identity() == res0 && res1 == m0)) {
                multi = false;
                break;
            }
            eu += da;
        }
        EXPECT_TRUE(single && multi);
        // Invert comparison test
        iter = 10000;
        int notWithinEpison = 0;
        for (int i = 0; i < iter; ++i) {
            float angle = (float)i / (float)iter * 360.0f;
            Matrix44f mat = Matrix44f::createRotation(Vec3f(angle, angle * 0.5f, angle + 0.25f));
            X_ALIGN16_MATRIX44F(align_mat) = Matrix44f::createRotation(Vec3f(angle, angle * 0.5f, angle + 0.25f));
            mat.setTranslate(Vec3f(1, 2, 3));
            align_mat.setTranslate(Vec3f(1, 2, 3));
            Matrix44f inv_mat = mat.inverted();
            X_ALIGN16_MATRIX44F(inv_align_mat) = SseInvert(align_mat);
            if (!inv_mat.equalCompare(inv_align_mat, (float)math<T>::EPSILON)) {
                ++notWithinEpison;
            }
        }
        if (notWithinEpison > 0) {
            EXPECT_EQ(0, notWithinEpison);
        }
        /*
		// Invert
		iter = 100000;
		{
			MatT b;
			for (int i = 0; i < iter; ++i) {
				b += m0.inverted();
			}
		}
		{
			X_ALIGN16_MATRIX44F(align_m0) = m0;
			X_ALIGN16_MATRIX44F(b);
			for (int i = 0; i < iter; ++i) {
				b += SseInvert(align_m0);
			}
		}
		*/
    }
    // Vec3<T> preMultiply( const Vec3<T> &v ) const;
    {
        Vec3<T> cv0(1, 2, 3);
        MatT c0(1, 0, 0, 0,
            0, 1, 0, 0,
            0, 0, 1, 0,
            0, 0, 0, 1);
        Vec3<T> diff = cv0 - c0.preMultiply(cv0);
        diff.x = fabs(diff.x);
        diff.y = fabs(diff.y);
        diff.z = fabs(diff.z);
        EXPECT_LE(diff.x, math<T>::EPSILON);
        EXPECT_LE(diff.y, math<T>::EPSILON);
        EXPECT_LE(diff.z, math<T>::EPSILON);
    }
    // Vec4<T> preMultiply( const Vec4<T> &v ) const;
    {
        Vec4<T> cv0(1, 2, 3, 4);
        MatT c0(1, 0, 0, 0,
            0, 1, 0, 0,
            0, 0, 1, 0,
            0, 0, 0, 1);
        Vec4<T> diff = cv0 - c0.preMultiply(cv0);
        diff.x = fabs(diff.x);
        diff.y = fabs(diff.y);
        diff.z = fabs(diff.z);
        diff.w = fabs(diff.w);
        EXPECT_LE(diff.x, math<T>::EPSILON);
        EXPECT_LE(diff.y, math<T>::EPSILON);
        EXPECT_LE(diff.z, math<T>::EPSILON);
        EXPECT_LE(diff.w, math<T>::EPSILON);
    }
    // Vec3<T> postMultiply( const Vec3<T> &v ) const;
    {
        Vec3<T> cv0(1, 2, 3);
        MatT c0(1, 0, 0, 0,
            0, 1, 0, 0,
            0, 0, 1, 0,
            0, 0, 0, 1);
        Vec3<T> diff = cv0 - c0.postMultiply(cv0);
        diff.x = fabs(diff.x);
        diff.y = fabs(diff.y);
        diff.z = fabs(diff.z);
        EXPECT_LE(diff.x, math<T>::EPSILON);
        EXPECT_LE(diff.y, math<T>::EPSILON);
        EXPECT_LE(diff.z, math<T>::EPSILON);
    }
    // Vec4<T> postMultiply( const Vec4<T> &v ) const;
    {
        Vec4<T> cv0(1, 2, 3, 4);
        MatT c0(1, 0, 0, 0,
            0, 1, 0, 0,
            0, 0, 1, 0,
            0, 0, 0, 1);
        Vec4<T> diff = cv0 - c0.postMultiply(cv0);
        diff.x = fabs(diff.x);
        diff.y = fabs(diff.y);
        diff.z = fabs(diff.z);
        diff.w = fabs(diff.w);
        EXPECT_LE(diff.x, math<T>::EPSILON);
        EXPECT_LE(diff.y, math<T>::EPSILON);
        EXPECT_LE(diff.z, math<T>::EPSILON);
        EXPECT_LE(diff.w, math<T>::EPSILON);
    }
    // void affineInvert(){ *this = affineInverted(); }
    {

    }
    // Matrix44<T> affineInverted() const;
    {

    }
    // Vec3<T> transformPoint( const Vec3<T> &rhs ) const;
    {
        Vec3<T> cv0(
            (T)-17.780877,
            (T)21.685958,
            (T)50.122100);
        MatT c0(
            (T)0.45399, (T)-0.89101, (T)0.00000, (T)-22.1904,
            (T)0.89101, (T)0.45399, (T)0.00000, (T)22.5298,
            (T)0.00000, (T)0.00000, (T)1.00000, (T)45.0000,
            (T)0.00000, (T)0.00000, (T)0.00000, (T)1.0000, true);
        Vec3<T> p0((T)1.25, (T)-4.312, (T)5.2112);
        Vec3<T> diff = (cv0 - c0.transformPoint(p0));
        EXPECT_LE(diff.x, math<T>::EPSILON);
        EXPECT_LE(diff.y, math<T>::EPSILON);
        EXPECT_LE(diff.z, math<T>::EPSILON);
    }
    // Vec3<T> transformPointAffine( const Vec3<T> &rhs ) const;
    {}
    // Vec4<T> transformVec( const Vec3/4<T> &rhs ) const;
    {
        MatT c0(
            (T)0.45399, (T)-0.89101, (T)0.00000, (T)0.00000,
            (T)0.89101, (T)0.45399, (T)0.00000, (T)0.00000,
            (T)0.00000, (T)0.00000, (T)1.00000, (T)0.00000,
            (T)0.00000, (T)0.00000, (T)0.00000, (T)1.0000, true);
        MatT m0(
            (T)0.45399, (T)-0.89101, (T)0.00000, (T)-22.1904,
            (T)0.89101, (T)0.45399, (T)0.00000, (T)22.5298,
            (T)0.00000, (T)0.00000, (T)1.00000, (T)45.0000,
            (T)0.00000, (T)0.00000, (T)0.00000, (T)1.0000, true);
        Vec3<T> v0((T)1.25, (T)-4.312, (T)5.2112);
        Vec4<T> v1((T)1.25, (T)-4.312, (T)5.2112);
        EXPECT_EQ(c0.transformVec(v0), m0.transformVec(v0));
        EXPECT_EQ(c0.transformVec(v1), m0.transformVec(v1));
    }
    // Vec4<T> getTranslation() const;
    {
        MatT c0(1, 2, 3, 4,
            5, 6, 7, 8,
            9, 10, 11, 12,
            13, 14, 15, 16);
        Vec4<T> v = c0.getTranslate();
        Vec4<T> diff = (v - Vec4<T>(13, 14, 15, 16));
        diff.x = fabs(diff.x);
        diff.y = fabs(diff.y);
        diff.z = fabs(diff.z);
        diff.w = fabs(diff.w);
        EXPECT_LE(diff.x, math<T>::EPSILON);
        EXPECT_LE(diff.y, math<T>::EPSILON);
        EXPECT_LE(diff.z, math<T>::EPSILON);
        EXPECT_LE(diff.w, math<T>::EPSILON);
    }
    // void translate( const Vec3/4<T> &tr );
    {
        MatT c0(
            (T)0.45399, (T)-0.89101, (T)0.00000, (T)-22.1904,
            (T)0.89101, (T)0.45399, (T)0.00000, (T)22.5298,
            (T)0.00000, (T)0.00000, (T)1.00000, (T)45.0000,
            (T)0.00000, (T)0.00000, (T)0.00000, (T)1.0000, true);
        MatT m0(
            (T)0.45399, (T)-0.89101, (T)0.00000, (T)0.00000,
            (T)0.89101, (T)0.45399, (T)0.00000, (T)0.00000,
            (T)0.00000, (T)0.00000, (T)1.00000, (T)0.00000,
            (T)0.00000, (T)0.00000, (T)0.00000, (T)1.00000, true);
        MatT m1(
            (T)0.45399, (T)-0.89101, (T)0.00000, (T)0.00000,
            (T)0.89101, (T)0.45399, (T)0.00000, (T)0.00000,
            (T)0.00000, (T)0.00000, (T)1.00000, (T)0.00000,
            (T)0.00000, (T)0.00000, (T)0.00000, (T)1.00000, true);
        m0.translate(Vec3<T>((T)10, (T)30, (T)45));
        m1.translate(Vec4<T>((T)10, (T)30, (T)45, (T)1.0));
        EXPECT_EQ(c0, m0);
    }
    // void rotate( const Vec3/4<T> &axis, T radians );
    {
        MatT c0((T)1.000000000000000, (T)0.000000000000000, (T)0.000000000000000, (T)0.000000000000000,
            (T)0.000000000000000, (T)0.840963470480837, (T)-0.541091897293636, (T)0.000000000000000,
            (T)0.000000000000000, (T)0.541091897293636, (T)0.840963470480837, (T)0.000000000000000,
            (T)0.000000000000000, (T)0.000000000000000, (T)0.000000000000000, (T)1.000000000000000, true);
        MatT m0;
        m0.setToIdentity();
        m0.rotate(Vec3<T>(1, 0, 0), toRadians((T)32.758));
        MatT m1;
        m1.setToIdentity();
        m1.rotate(Vec4<T>(1, 0, 0), toRadians((T)32.758));
        EXPECT_EQ(c0, m0);
        EXPECT_EQ(c0, m1);
    }
    // void rotate( const Vec3/4<T> &eulerRadians );
    {
        MatT c0(
            (T)0.091142486334637, (T)0.428791685462663, (T)-0.898794046299167, (T)0,
            (T)-0.730490309010667, (T)0.642199351624628, (T)0.232301315567534, (T)0,
            (T)0.676813826414798, (T)0.635387821138395, (T)0.371759816444386, (T)0,
            (T)0.000000000000000, (T)0.000000000000000, (T)0.000000000000000, (T)1);
        Vec3<T> eu0;
        eu0.x = toRadians((T)32);
        eu0.y = toRadians((T)64);
        eu0.z = toRadians((T)78);
        MatT m0;
        m0.setToIdentity();
        m0.rotate(eu0);
        Vec4<T> eu1;
        eu1.x = toRadians((T)32);
        eu1.y = toRadians((T)64);
        eu1.z = toRadians((T)78);
        MatT m1;
        m1.setToIdentity();
        m1.rotate(eu1);
        EXPECT_EQ(c0, m0);
        EXPECT_EQ(c0, m1);
    }
    // void rotate( const Vec3/4<T> &from, const Vec3/4<T> &to, const Vec3/4<T> &worldUp );
    {
        MatT c0((T)1.000000000000000, (T)0.000000000000000, (T)0.000000000000000, (T)0.000000000000000,
            (T)0.000000000000000, (T)0.840963470480837, (T)-0.541091897293636, (T)0.000000000000000,
            (T)0.000000000000000, (T)0.541091897293636, (T)0.840963470480837, (T)0.000000000000000,
            (T)0.000000000000000, (T)0.000000000000000, (T)0.000000000000000, (T)1.000000000000000, true);
        MatT m0;
        m0.setToIdentity();
        m0.rotate(Vec3<T>(1, 0, 0), toRadians((T)32.758));
        MatT m1;
        m1.setToIdentity();
        m1.rotate(Vec4<T>(1, 0, 0), toRadians((T)32.758));
        EXPECT_EQ(c0, m0);
        EXPECT_EQ(c0, m1);
    }
    // void scaleA( T s );
    {
        MatT c0(5, 0, 0, 0,
            0, 5, 0, 0,
            0, 0, 5, 0,
            0, 0, 0, 5);
        MatT m0(1, 0, 0, 0,
            0, 1, 0, 0,
            0, 0, 1, 0,
            0, 0, 0, 1);
        m0.scale(5);
        EXPECT_EQ(c0, m0);
    }
    // void scale( const Vec2<T> &v );
    {
        MatT c0(5, 0, 0, 0,
            0, 6, 0, 0,
            0, 0, 1, 0,
            0, 0, 0, 1);
        MatT m0(1, 0, 0, 0,
            0, 1, 0, 0,
            0, 0, 1, 0,
            0, 0, 0, 1);
        m0.scale(Vec2<T>(5, 6));
        EXPECT_EQ(c0, m0);
    }
    // void scale( const Vec3<T> &v );
    {
        MatT c0(5, 0, 0, 0,
            0, 6, 0, 0,
            0, 0, 7, 0,
            0, 0, 0, 1);
        MatT m0(1, 0, 0, 0,
            0, 1, 0, 0,
            0, 0, 1, 0,
            0, 0, 0, 1);
        m0.scale(Vec3<T>(5, 6, 7));
        EXPECT_EQ(c0, m0);
    }
    // void scale( const Vec4<T> &v );
    {
        MatT c0(5, 0, 0, 0,
            0, 6, 0, 0,
            0, 0, 7, 0,
            0, 0, 0, 8);
        MatT m0(1, 0, 0, 0,
            0, 1, 0, 0,
            0, 0, 1, 0,
            0, 0, 0, 1);
        m0.scale(Vec4<T>(5, 6, 7, 8));
        EXPECT_EQ(c0, m0);
    }
    // Matrix44<T> orthonormalInverted() const;
    {
        MatT c0(
            (T)0.45399, (T)0.89101, (T)0.00000, (T)-10.000,
            (T)-0.89101, (T)0.45399, (T)0.00000, (T)-30.0000,
            (T)0.00000, (T)0.00000, (T)1.00000, (T)-45.0000,
            (T)0.00000, (T)0.00000, (T)0.00000, (T)1.0000, true);
        MatT m0(
            (T)0.45399, (T)-0.89101, (T)0.00000, (T)-22.1904,
            (T)0.89101, (T)0.45399, (T)0.00000, (T)22.5298,
            (T)0.00000, (T)0.00000, (T)1.00000, (T)45.0000,
            (T)0.00000, (T)0.00000, (T)0.00000, (T)1.0000, true);
        EXPECT_TRUE(c0.equalCompare(m0.orthonormalInverted(), 0.001f));
    }
    // Matrix44<T> orthonormalInverted() const;
    {
        MatT m0(
            (T)0.45399, (T)-0.89101, (T)0.00000, (T)-22.1904,
            (T)0.89101, (T)0.45399, (T)0.00000, (T)22.5298,
            (T)0.00000, (T)0.00000, (T)1.00000, (T)45.0000,
            (T)0.00000, (T)0.00000, (T)0.00000, (T)1.0000, true);
        EXPECT_TRUE(m0.inverted().equalCompare(m0.orthonormalInverted(), 0.001f));
    }
    // static Matrix44<T> identity();
    {
        MatT c0(1, 0, 0, 0,
            0, 1, 0, 0,
            0, 0, 1, 0,
            0, 0, 0, 1);
        EXPECT_EQ(c0, MatT::identity());
    }
    // static Matrix44<T> one();
    {
        MatT c0(1, 1, 1, 1,
            1, 1, 1, 1,
            1, 1, 1, 1,
            1, 1, 1, 1);
        EXPECT_EQ(c0, MatT::one());
    }
    // static Matrix44<T> zero();
    {
        MatT c0(0, 0, 0, 0,
            0, 0, 0, 0,
            0, 0, 0, 0,
            0, 0, 0, 0);
        EXPECT_EQ(c0, MatT::zero());
    }
    // static Matrix44<T> createTranslation( const Vec3<T> &v, T w = 1 );
    {
        MatT c0(1, 0, 0, 0,
            0, 1, 0, 0,
            0, 0, 1, 0,
            1, 2, 3, 1);
        EXPECT_EQ(c0, MatT::createTranslation(Vec3<T>(1, 2, 3)));
    }
    // static Matrix44<T> createTranslation( const Vec4<T> &v );
    {
        MatT c0(1, 0, 0, 0,
            0, 1, 0, 0,
            0, 0, 1, 0,
            1, 2, 3, 1);
        EXPECT_EQ(c0, MatT::createTranslation(Vec4<T>(1, 2, 3, 1)));
    }
    // static Matrix44<T> createRotation( const Vec3/4<T> &axis, T radians );
    {
        MatT c0((T)1.000000000000000, (T)0.000000000000000, (T)0.000000000000000, (T)0.000000000000000,
            (T)0.000000000000000, (T)0.840963470480837, (T)-0.541091897293636, (T)0.000000000000000,
            (T)0.000000000000000, (T)0.541091897293636, (T)0.840963470480837, (T)0.000000000000000,
            (T)0.000000000000000, (T)0.000000000000000, (T)0.000000000000000, (T)1.000000000000000, true);
        MatT m0 = MatT::createRotation(Vec3<T>(1, 0, 0), toRadians((T)32.758));
        MatT m1 = MatT::createRotation(Vec4<T>(1, 0, 0), toRadians((T)32.758));
        EXPECT_EQ(c0, m0);
        EXPECT_EQ(c0, m1);
    }
    // static Matrix44<T> createRotation( const Vec3/4<T> &from, const Vec3/4<T> &to, const Vec3/4<T> &worldUp );
    {
